EDIFICIO PLANALTO – CRICIUMA SC
101 -> 102, 201, 
102 -> 101, 103, 201, 202, 
103 -> 102, 104, 202, 203, 
104 -> 103, 203, 204, 
201 -> 101, 102, 202, 301, 
202 -> 102, 103, 201, 203, 301, 302, 
203 -> 103, 104, 202, 204, 302, 303, 
204 -> 104, 203, 303, 304, 
301 -> 201, 202, 302, 401, 
302 -> 202, 203, 301, 303, 401, 402, 
303 -> 203, 204, 302, 304, 402, 403, 
304 -> 204, 303, 403, 501, 
401 -> 301, 302, 402, 502, 
402 -> 302, 303, 401, 403, 502, 503, 
403 -> 303, 304, 402, 501, 503, 504, 
501 -> 304, 401, 502, 601, 
502 -> 401, 402, 501, 503, 601, 602, 
503 -> 402, 403, 502, 504, 602, 603, 
504 -> 403, 503, 603, 604, 
601 -> 501, 502, 602, 701, 
602 -> 502, 503, 601, 603, 701, 702, 
603 -> 503, 504, 602, 604, 702, 703, 
604 -> 504, 603, 703, 704, 
701 -> 601, 602, 702, 
702 -> 602, 603, 701, 703, 
703 -> 603, 604, 702, 704, 
704 -> 604, 703, 

Quantidade de Nós negativos: 2
Linhas que ocorrem os Nós negativos: [Linha10: -101, Linha21: -404]

Quantidade de Nós duplicados: 4
Linhas que ocorrem os Nós duplicados: [Linha11: 102, Linha19: 304, Linha20: 401, Linha24: 502]

Processo conluído!
